0 10 1 1 0 0
0 10 1.0024 1 0.00033 6.60396e-05
0 10 1.00481 1 0.00066 0.000132159
0 10 1.00723 1 0.00099 0.000198357
0 10 1.00965 1 0.00132 0.000264636
0.998954 9.998 1.01234 1.0001 0.00164999 0.000330995
0.993723 9.98801 1.01609 1.0006 0.00197976 0.000397476
0.98852 9.97806 1.01985 1.0011 0.0023092 0.000464097
0.983344 9.96814 1.02363 1.00159 0.00263831 0.000530859
1.97505 9.9561 1.02822 1.00239 0.00296708 0.000597772
1.96471 9.94265 1.03337 1.00338 0.00329541 0.000664883
1.95442 9.92923 1.03853 1.00437 0.00362329 0.000732198
1.94419 9.91584 1.04371 1.00536 0.00395074 0.000799715
1.93401 9.90249 1.04891 1.00634 0.00427774 0.000867436
1.92388 9.88917 1.05413 1.00732 0.0046043 0.000935362
1.91381 9.87589 1.05936 1.00829 0.00493043 0.00100349
1.90379 9.86264 1.06461 1.00927 0.00525611 0.00107183
1.89382 9.84944 1.06987 1.01024 0.00558136 0.00114037
1.8839 9.83626 1.07515 1.0112 0.00590617 0.00120911
1.87404 9.82312 1.08045 1.01217 0.00623055 0.00127807
1.86422 9.81002 1.08576 1.01313 0.0065545 0.00134723
1.85446 9.79696 1.09109 1.01408 0.00687802 0.00141659
1.84475 9.78393 1.09644 1.01504 0.0072011 0.00148617
2.83405 9.77084 1.1021 1.01609 0.00752376 0.00155595
2.81921 9.7574 1.109 1.01755 0.00784597 0.00162599
2.80445 9.74396 1.11593 1.01901 0.00816774 0.00169631
2.78976 9.73053 1.12289 1.02047 0.00848907 0.0017669
2.77515 9.71711 1.12988 1.02192 0.00880996 0.00183777
2.76062 9.7037 1.13689 1.02337 0.0091304 0.00190892
2.74617 9.69029 1.14394 1.02481 0.0094504 0.00198035
2.73179 9.6769 1.15102 1.02626 0.00976996 0.00205205
2.71748 9.66352 1.15813 1.02769 0.0100891 0.00212405
2.70325 9.65015 1.16526 1.02913 0.0104078 0.00219632
2.6891 9.63679 1.17243 1.03056 0.010726 0.00226888
2.67502 9.62344 1.17963 1.03198 0.0110438 0.00234172
2.66101 9.61011 1.18686 1.0334 0.0113611 0.00241484
2.64708 9.59678 1.19411 1.03482 0.011678 0.00248825
2.63322 9.58348 1.2014 1.03623 0.0119945 0.00256195
2.61943 9.57018 1.20871 1.03764 0.0123106 0.00263594
2.60571 9.5569 1.21606 1.03905 0.0126262 0.00271021
2.59207 9.54364 1.22343 1.04045 0.0129413 0.00278478
2.57849 9.53039 1.23084 1.04185 0.013256 0.00285963
2.56499 9.51715 1.23827 1.04325 0.0135703 0.00293477
2.55156 9.50394 1.24574 1.04464 0.0138842 0.00301021
2.5382 9.49074 1.25323 1.04602 0.0141976 0.00308594
2.52491 9.47755 1.26075 1.04741 0.0145106 0.00316196
2.51169 9.46439 1.2683 1.04879 0.0148231 0.00323828
2.49854 9.45124 1.27588 1.05016 0.0151352 0.00331489
2.48546 9.43811 1.28349 1.05154 0.0154469 0.0033918
2.47244 9.425 1.29113 1.0529 0.0157581 0.003469
2.45949 9.41191 1.2988 1.05427 0.0160689 0.0035465
2.44662 9.39883 1.3065 1.05563 0.0163793 0.0036243
2.4338 9.38578 1.31422 1.05698 0.0166893 0.0037024
2.42106 9.37275 1.32198 1.05834 0.0169988 0.0037808
2.40838 9.35974 1.32976 1.05969 0.0173079 0.0038595
2.39577 9.34675 1.33757 1.06103 0.0176165 0.00393851
2.38323 9.33378 1.34541 1.06237 0.0179247 0.00401781
2.37075 9.32083 1.35328 1.06371 0.0182325 0.00409742
2.35833 9.3079 1.36118 1.06504 0.0185399 0.00417733
2.34599 9.295 1.3691 1.06637 0.0188469 0.00425755
2.3337 9.28212 1.37706 1.0677 0.0191534 0.00433808
2.32148 9.26926 1.38504 1.06902 0.0194595 0.00441891
2.30933 9.25642 1.39305 1.07034 0.0197652 0.00450004
3.29409 9.244 1.40238 1.072 0.0200704 0.00458151
3.27684 9.23182 1.41261 1.07388 0.0203753 0.00466336
3.25969 9.21964 1.42289 1.07576 0.0206797 0.00474562
3.24262 9.20745 1.43322 1.07764 0.0209838 0.00482827
3.22564 9.19525 1.4436 1.07951 0.0212874 0.00491133
3.20875 9.18304 1.45404 1.08138 0.0215906 0.0049948
3.19195 9.17082 1.46452 1.08325 0.0218935 0.00507867
3.17523 9.15859 1.47505 1.08511 0.0221959 0.00516295
3.15861 9.14636 1.48563 1.08697 0.022498 0.00524764
3.14207 9.13412 1.49626 1.08882 0.0227996 0.00533274
4.12038 9.1239 1.50931 1.09126 0.0231008 0.00541831
4.09881 9.11363 1.52243 1.0937 0.0234018 0.00550438
4.07734 9.10331 1.53564 1.09614 0.0237023 0.00559097
4.05599 9.09295 1.54893 1.09858 0.0240026 0.00567808
5.03161 9.08434 1.56379 1.10137 0.0243025 0.00576573
5.00527 9.07686 1.57975 1.10441 0.0246021 0.00585399
5.97592 9.07147 1.59737 1.10781 0.0249016 0.0059429
5.94463 9.06743 1.61617 1.11145 0.0252009 0.00603254
5.9135 9.06327 1.63514 1.1151 0.0255 0.00612293
5.88253 9.059 1.65427 1.11876 0.025799 0.00621406
5.85173 9.05461 1.67358 1.12241 0.0260979 0.00630595
5.82109 9.0501 1.69305 1.12607 0.0263967 0.0063986
5.79061 9.04547 1.71269 1.12972 0.0266952 0.00649201
5.76029 9.04074 1.73249 1.13338 0.0269937 0.0065862
5.73013 9.03589 1.75246 1.13705 0.0272919 0.00668116
5.70012 9.03093 1.77258 1.14071 0.02759 0.00677691
5.67027 9.02586 1.79287 1.14438 0.027888 0.00687344
5.64058 9.02069 1.81331 1.14805 0.0281857 0.00697077
8.59954 9.02443 1.84053 1.15316 0.0284835 0.00706901
8.55451 9.03154 1.87051 1.15882 0.0287814 0.00716839
8.50971 9.03845 1.90084 1.16449 0.0290795 0.00726895
8.46515 9.04516 1.93152 1.17019 0.0293779 0.00737071
8.42083 9.05168 1.96255 1.1759 0.0296765 0.00747367
8.37674 9.05801 1.99391 1.18164 0.0299753 0.00757785
8.33287 9.06414 2.0256 1.18739 0.0302743 0.00768326
9.28715 9.07189 2.05896 1.19344 0.0305736 0.00778992
9.23852 9.08215 2.09472 1.19994 0.0308731 0.00789795
9.19014 9.09219 2.13086 1.20647 0.031173 0.00800738
10.141 9.10295 2.16806 1.21316 0.0314732 0.00811822
10.0879 9.11716 2.20849 1.22047 0.0317738 0.00823059
11.0298 9.13575 2.25297 1.22855 0.032075 0.00834461
10.9721 9.15412 2.2979 1.23668 0.0323768 0.00846037
10.9146 9.17225 2.34325 1.24486 0.0326792 0.00857789
10.8575 9.19016 2.38898 1.25309 0.0329822 0.00869719
10.8006 9.20783 2.43503 1.26137 0.0332857 0.00881828
11.7399 9.22899 2.48449 1.27032 0.0335899 0.00894121
11.6784 9.25084 2.53501 1.27949 0.0338948 0.0090661
11.6172 9.27246 2.58575 1.28872 0.0342005 0.00919297
11.5564 9.29385 2.63666 1.29802 0.0345068 0.00932182
11.4959 9.31499 2.68765 1.30738 0.0348139 0.00945266
11.4357 9.33591 2.73865 1.3168 0.0351216 0.00958549
11.3758 9.35658 2.78959 1.32629 0.03543 0.00972032
11.3163 9.37702 2.84039 1.33584 0.0357391 0.00985714
11.257 9.39722 2.89097 1.34544 0.0360489 0.00999595
11.1981 9.41718 2.94126 1.35511 0.0363593 0.0101367
11.1394 9.43691 2.99117 1.36484 0.0366704 0.0102795
12.078 9.45924 3.04302 1.37517 0.0369822 0.0104243
13.0105 9.48702 3.099 1.38664 0.0372948 0.0105712
12.9424 9.5155 3.15496 1.39838 0.0376084 0.0107203
12.8746 9.54374 3.20995 1.41022 0.0379228 0.0108717
12.8072 9.57175 3.26388 1.42215 0.0382382 0.0110252
12.7401 9.59952 3.31662 1.43417 0.0385546 0.0111809
13.6682 9.63179 3.37166 1.44724 0.0388719 0.0113388
13.5966 9.66383 3.42512 1.46041 0.0391903 0.011499
13.5254 9.69563 3.47687 1.4737 0.0395097 0.0116613
13.4546 9.7272 3.52682 1.48709 0.0398302 0.0118257
13.3842 9.75854 3.57488 1.50058 0.0401517 0.0119922
13.3141 9.78963 3.621 1.51418 0.0404742 0.0121606
13.2444 9.82049 3.66511 1.52788 0.0407978 0.0123311
13.175 9.8511 3.70716 1.54167 0.0411224 0.0125034
15.0977 9.88916 3.75123 1.55728 0.0414481 0.0126776
16.0144 9.93265 3.79556 1.57431 0.0417751 0.0128537
15.9306 9.97689 3.8373 1.59172 0.0421036 0.0130319
15.8471 10.0209 3.87595 1.6093 0.0424336 0.013212
16.761 10.0676 3.91264 1.62771 0.042765 0.0133939
18.667 10.1214 3.94875 1.64814 0.0430981 0.0135777
18.5692 10.1788 3.98229 1.66971 0.0434331 0.0137633
18.472 10.236 4.01192 1.69152 0.0437699 0.0139507
19.37 10.2976 4.03885 1.71477 0.0441087 0.0141397
19.2686 10.3591 4.06186 1.73827 0.0444496 0.0143304
20.1625 10.425 4.08185 1.76328 0.0447925 0.0145225
20.0569 10.4908 4.09804 1.78858 0.0451376 0.0147161
19.9519 10.5566 4.11069 1.81415 0.0454849 0.014911
19.8474 10.6223 4.12009 1.84 0.0458343 0.0151071
19.7435 10.688 4.1265 1.86612 0.046186 0.0153044
19.6401 10.7536 4.13016 1.89251 0.0465398 0.0155026
19.5373 10.8191 4.13133 1.91915 0.0468957 0.0157018
19.435 10.8845 4.13022 1.94606 0.0472538 0.0159019
19.3332 10.9498 4.12707 1.97321 0.0476141 0.0161029
19.232 11.015 4.12206 2.00061 0.0479765 0.0163045
20.1281 11.083 4.11504 2.02912 0.0483411 0.0165069
20.0227 11.1528 4.10619 2.05849 0.048708 0.01671
19.9179 11.2226 4.09589 2.08811 0.0490772 0.0169138
19.8136 11.2922 4.0843 2.118 0.0494487 0.0171182
20.7088 11.3628 4.07142 2.14845 0.0498225 0.0173231
20.6004 11.4372 4.05682 2.1804 0.0501987 0.0175287
20.4925 11.5115 4.04128 2.21263 0.0505773 0.0177348
20.3852 11.5858 4.02492 2.24513 0.0509584 0.0179414
20.2784 11.6601 4.00787 2.2779 0.051342 0.0181486
20.1723 11.7343 3.99023 2.31092 0.051728 0.0183563
20.0666 11.8084 3.97209 2.3442 0.0521164 0.0185645
19.9616 11.8825 3.95353 2.37772 0.0525073 0.0187732
19.857 11.9565 3.93463 2.41149 0.0529007 0.0189823
19.7531 12.0304 3.91546 2.44548 0.0532965 0.019192
19.6496 12.1042 3.89606 2.47971 0.0536947 0.0194022
20.5425 12.1821 3.87561 2.51557 0.0540954 0.0196128
21.4297 12.2661 3.85367 2.55384 0.0544988 0.019824
21.3175 12.35 3.83166 2.59238 0.054905 0.0200357
21.2059 12.434 3.80962 2.63118 0.0553139 0.020248
22.0928 12.52 3.78714 2.67099 0.0557256 0.0204608
21.9771 12.6092 3.76402 2.71219 0.0561403 0.0206742
21.862 12.6983 3.741 2.75367 0.0565578 0.0208882
21.7475 12.7875 3.7181 2.79542 0.0569783 0.0211029
21.6337 12.8767 3.69535 2.83743 0.0574018 0.0213181
22.5152 12.9712 3.67165 2.88166 0.0578283 0.0215341
22.3973 13.0657 3.64816 2.92617 0.0582579 0.0217507
22.28 13.1603 3.62491 2.97094 0.0586906 0.021968
22.1633 13.255 3.6019 3.01596 0.0591265 0.022186
22.0473 13.3497 3.57916 3.06123 0.0595655 0.0224048
21.9318 13.4445 3.55669 3.10673 0.0600076 0.0226243
21.817 13.5393 3.5345 3.15245 0.0604528 0.0228445
21.7027 13.6341 3.51261 3.19839 0.0609012 0.0230656
21.5891 13.729 3.49101 3.24453 0.0613527 0.0232875
22.4719 13.8283 3.46888 3.29261 0.0618073 0.0235102
22.3542 13.9289 3.44687 3.34134 0.0622653 0.0237337
22.2371 14.0295 3.4252 3.39027 0.0627266 0.0239582
22.1207 14.1301 3.40386 3.4394 0.0631913 0.0241836
22.0049 14.2308 3.38286 3.4887 0.0636592 0.0244099
21.8897 14.3316 3.3622 3.53819 0.0641305 0.0246371
21.775 14.4324 3.34187 3.58783 0.0646051 0.0248653
21.661 14.5332 3.32187 3.63763 0.065083 0.0250945
21.5476 14.6341 3.30221 3.68757 0.0655643 0.0253246
21.4348 14.7349 3.28287 3.73765 0.0660489 0.0255558
22.3204 14.8382 3.26349 3.7888 0.0665368 0.025788
22.2036 14.9452 3.24391 3.84151 0.0670283 0.0260213
22.0873 15.0522 3.22466 3.89435 0.0675232 0.0262556
21.9716 15.1592 3.20576 3.94731 0.0680217 0.0264911
22.8524 15.2712 3.1865 4.00234 0.0685238 0.0267278
23.7317 15.3858 3.16725 4.05847 0.0690296 0.0269656
23.6074 15.5053 3.14769 4.1167 0.0695393 0.0272047
23.4838 15.6251 3.1285 4.17506 0.070053 0.027445
23.3609 15.7449 3.10969 4.23353 0.0705706 0.0276867
23.2385 15.865 3.09123 4.2921 0.0710921 0.0279297
23.1168 15.9851 3.07313 4.35076 0.0716177 0.028174
22.9958 16.1055 3.05538 4.4095 0.0721472 0.0284197
22.8754 16.2259 3.03797 4.4683 0.0726806 0.0286667
22.7556 16.3465 3.02089 4.52717 0.0732181 0.0289151
22.6365 16.4671 3.00414 4.58607 0.0737595 0.0291649
22.5179 16.5879 2.98771 4.64502 0.0743049 0.0294161
22.4 16.7088 2.97159 4.70399 0.0748543 0.0296686
22.2827 16.8297 2.95577 4.76298 0.0754077 0.0299227
22.166 16.9507 2.94026 4.82198 0.0759651 0.0301781
22.05 17.0718 2.92504 4.88098 0.0765264 0.030435
21.9345 17.193 2.91011 4.93997 0.0770918 0.0306933
21.8197 17.3142 2.89545 4.99895 0.0776612 0.0309531
21.7054 17.4354 2.88107 5.05789 0.0782345 0.0312143
21.5918 17.5567 2.86695 5.11681 0.0788119 0.031477
22.4766 17.6808 2.85284 5.17679 0.0793933 0.0317413
23.3579 17.8107 2.83849 5.23895 0.0799789 0.032007
23.2356 17.9465 2.8239 5.30331 0.0805689 0.0322744
23.1139 18.0824 2.8096 5.36763 0.0811633 0.0325434
22.9929 18.2184 2.79558 5.4319 0.0817623 0.0328141
22.8725 18.3546 2.78183 5.4961 0.0823658 0.0330864
22.7527 18.4909 2.76835 5.56024 0.0829737 0.0333604
23.6304 18.6318 2.75477 5.62602 0.0835862 0.0336361
23.5067 18.7758 2.74123 5.69287 0.0842034 0.0339136
23.3836 18.9199 2.72795 5.75964 0.0848254 0.0341928
23.2612 19.0643 2.71493 5.82632 0.0854522 0.0344738
23.1394 19.2089 2.70216 5.8929 0.0860837 0.0347565
23.0182 19.3536 2.68963 5.95937 0.0867199 0.035041
22.8977 19.4984 2.67734 6.02573 0.087361 0.0353273
22.7778 19.6434 2.66529 6.09197 0.0880068 0.0356154
22.6585 19.7886 2.65346 6.15809 0.0886575 0.0359053
22.5398 19.9338 2.64185 6.22407 0.0893129 0.036197
22.4218 20.0792 2.63045 6.28991 0.0899731 0.0364905
23.3002 20.2311 2.61888 6.35799 0.0906382 0.0367858
23.1782 20.3848 2.60742 6.42653 0.0913084 0.037083
23.0569 20.5387 2.59617 6.4949 0.0919836 0.037382
22.9361 20.6927 2.58514 6.56312 0.0926639 0.037683
22.816 20.8469 2.57431 6.63117 0.0933493 0.0379858
22.6966 21.0013 2.56367 6.69905 0.0940398 0.0382905
22.5777 21.1557 2.55323 6.76676 0.0947354 0.0385971
23.4584 21.312 2.5429 6.83489 0.0954361 0.0389057
23.3356 21.4752 2.53239 6.90528 0.0961421 0.0392161
23.2134 21.6387 2.52208 6.97547 0.0968535 0.0395285
23.0919 21.8023 2.51196 7.04547 0.0975702 0.0398429
22.971 21.9661 2.50202 7.11527 0.0982924 0.0401593
22.8507 22.1301 2.49226 7.18486 0.09902 0.0404777
22.731 22.2942 2.48268 7.25424 0.099753 0.040798
22.612 22.4585 2.47327 7.3234 0.100491 0.0411203
22.4936 22.6229 2.46402 7.39235 0.101235 0.0414446
22.3758 22.7874 2.45493 7.46107 0.101985 0.0417708
22.2586 22.9521 2.446 7.52957 0.102739 0.0420991
22.1421 23.1168 2.43722 7.59783 0.103499 0.0424292
22.0262 23.2817 2.4286 7.66586 0.104265 0.0427614
21.9108 23.4466 2.42012 7.73366 0.105036 0.0430955
23.7856 23.6303 2.41104 7.8075 0.105813 0.0434316
23.6611 23.8143 2.40213 7.8811 0.106596 0.0437699
23.5372 23.9985 2.39338 7.95444 0.107384 0.0441103
23.4139 24.183 2.38478 8.02752 0.108179 0.0444528
23.2913 24.3678 2.37633 8.10033 0.108981 0.0447975
23.1694 24.5528 2.36802 8.17289 0.109788 0.0451443
24.047 24.7399 2.35979 8.24581 0.110601 0.0454932
23.9211 24.935 2.35143 8.32101 0.111421 0.0458443
23.7958 25.1305 2.34322 8.39592 0.112247 0.0461976
23.6712 25.3262 2.33514 8.47056 0.113079 0.0465531
23.5473 25.5222 2.32721 8.54491 0.113918 0.0469108
23.424 25.7185 2.31941 8.61896 0.114764 0.0472706
23.3013 25.9151 2.31174 8.69273 0.115616 0.0476327
24.1772 26.116 2.30408 8.76749 0.116474 0.0479969
24.0506 26.3233 2.29636 8.84389 0.117339 0.0483634
23.9247 26.5309 2.28877 8.91998 0.118212 0.0487322
23.7994 26.7389 2.28131 8.99576 0.11909 0.0491032
23.6748 26.9472 2.27398 9.07123 0.119976 0.0494765
24.5456 27.1662 2.26647 9.14963 0.120869 0.049852
24.4171 27.3857 2.25909 9.22771 0.121769 0.0502299
24.2892 27.6056 2.25184 9.30546 0.122677 0.0506102
24.162 27.8259 2.2447 9.38288 0.123591 0.0509927
24.0355 28.0466 2.23769 9.45998 0.124513 0.0513776
23.9097 28.2676 2.23079 9.53674 0.125442 0.0517648
23.7845 28.489 2.224 9.61317 0.126379 0.0521542
23.6599 28.7108 2.21732 9.68927 0.127323 0.052546
23.536 28.9329 2.21074 9.76503 0.128274 0.0529401
23.4128 29.1553 2.20428 9.84045 0.129232 0.0533364
23.2902 29.3779 2.19791 9.91554 0.130198 0.053735
23.1682 29.6009 2.19164 9.99028 0.131171 0.0541359
23.0469 29.8241 2.18547 10.0647 0.132152 0.054539
22.9263 30.0476 2.1794 10.1387 0.13314 0.0549444
22.8062 30.2713 2.17342 10.2125 0.134135 0.055352
22.6868 30.4952 2.16752 10.2858 0.135137 0.0557619
22.568 30.7193 2.16172 10.3589 0.136147 0.0561739
22.4498 30.9435 2.156 10.4316 0.137165 0.0565882
22.3323 31.168 2.15037 10.5039 0.13819 0.0570047
22.2153 31.3926 2.14482 10.5759 0.139222 0.0574234
22.099 31.6173 2.13936 10.6476 0.140262 0.0578443
21.9833 31.8421 2.13397 10.7189 0.141309 0.0582673
22.8671 32.0696 2.12861 10.7905 0.142363 0.0586926
22.7474 32.3075 2.12315 10.8645 0.143425 0.05912
24.6199 32.566 2.11742 10.9434 0.144496 0.0595498
24.491 32.83 2.11169 11.0232 0.145575 0.059982
25.3596 33.1019 2.10591 11.1047 0.146663 0.0604167
25.2268 33.3795 2.10014 11.1871 0.14776 0.0608539
25.0947 33.6578 2.09446 11.2691 0.148866 0.0612937
24.9633 33.9367 2.08886 11.3507 0.149981 0.0617359
24.8326 34.2162 2.08335 11.432 0.151106 0.0621807
24.7026 34.4963 2.07792 11.5128 0.152239 0.0626279
24.5732 34.777 2.07258 11.5932 0.153382 0.0630777
24.4446 35.0583 2.06731 11.6732 0.154535 0.0635299
24.3166 35.3401 2.06212 11.7528 0.155696 0.0639846
24.1892 35.6224 2.05701 11.8321 0.156867 0.0644417
24.0626 35.9052 2.05197 11.9109 0.158047 0.0649012
23.9366 36.1886 2.047 11.9893 0.159237 0.0653632
23.8112 36.4723 2.04211 12.0674 0.160436 0.0658276
23.6866 36.7566 2.03728 12.145 0.161644 0.0662944
23.5625 37.0412 2.03252 12.2223 0.162862 0.0667637
23.4392 37.3262 2.02783 12.2991 0.164089 0.0672352
23.3164 37.6117 2.0232 12.3756 0.165325 0.0677092
24.1901 37.9092 2.0185 12.4543 0.166571 0.0681856
24.0635 38.2102 2.01382 12.5333 0.167827 0.0686644
24.9354 38.5175 2.00913 12.6133 0.169093 0.0691457
24.8048 38.8343 2.00441 12.6948 0.170369 0.0696295
24.6749 39.1518 1.99976 12.776 0.171656 0.0701159
25.5426 39.4788 1.99506 12.8587 0.172954 0.0706047
25.4088 39.8126 1.99037 12.9424 0.174262 0.0710962
25.2758 40.1471 1.98574 13.0256 0.175581 0.0715903
25.1434 40.4825 1.98118 13.1084 0.176912 0.072087
25.0118 40.8186 1.97668 13.1908 0.178253 0.0725862
24.8808 41.1556 1.97224 13.2727 0.179606 0.073088
24.7505 41.4932 1.96787 13.3542 0.180969 0.0735924
24.6209 41.8315 1.96355 13.4353 0.182344 0.0740993
24.492 42.1706 1.9593 13.5159 0.18373 0.0746087
24.3638 42.5103 1.9551 13.5961 0.185127 0.0751206
25.2351 42.8539 1.95092 13.6766 0.186536 0.0756351
25.103 43.2112 1.94668 13.7593 0.187956 0.0761521
24.9716 43.5693 1.94249 13.8416 0.189388 0.0766717
25.8366 43.9413 1.93825 13.9262 0.190832 0.0771939
25.7013 44.3175 1.93403 14.011 0.192288 0.0777187
25.5668 44.6948 1.92986 14.0953 0.193757 0.0782462
25.4329 45.073 1.92575 14.1792 0.195238 0.0787764
25.2997 45.4521 1.9217 14.2626 0.196732 0.0793091
25.1672 45.8322 1.9177 14.3456 0.198238 0.0798445
25.0354 46.2131 1.91376 14.4282 0.199756 0.0803825
25.9012 46.6053 1.90978 14.5123 0.201288 0.0809231
25.7656 47.0055 1.9058 14.5973 0.202832 0.0814664
25.6307 47.4067 1.90187 14.6819 0.20439 0.0820123
25.4965 47.809 1.89799 14.766 0.205961 0.0825609
26.3598 48.2229 1.89408 14.8516 0.207546 0.0831121
26.2218 48.6451 1.89017 14.9382 0.209144 0.0836661
26.0845 49.0685 1.88632 15.0243 0.210756 0.0842228
26.9437 49.5074 1.8824 15.1127 0.212383 0.0847823
26.8026 49.9513 1.87851 15.2012 0.214024 0.0853445
26.6623 50.3967 1.87468 15.2892 0.21568 0.0859095
26.5227 50.8435 1.87089 15.3768 0.21735 0.0864773
26.3838 51.2916 1.86716 15.4639 0.219035 0.0870479
26.2456 51.7411 1.86347 15.5505 0.220735 0.0876211
26.1082 52.1919 1.85983 15.6367 0.22245 0.0881972
25.9715 52.644 1.85623 15.7223 0.22418 0.0887759
25.8355 53.0973 1.85269 15.8075 0.225925 0.0893573
25.7002 53.5519 1.84918 15.8922 0.227684 0.0899415
27.5594 54.0311 1.84558 15.9805 0.229459 0.0905283
27.4151 54.5275 1.84192 16.0711 0.231251 0.091118
28.2694 55.0333 1.83827 16.1625 0.233058 0.0917106
28.1214 55.5527 1.83459 16.2554 0.234883 0.0923061
27.9742 56.074 1.83096 16.3478 0.236725 0.0929045
27.8277 56.5974 1.82738 16.4397 0.238584 0.0935059
27.682 57.1227 1.82385 16.5311 0.24046 0.0941101
27.537 57.65 1.82036 16.622 0.242354 0.0947173
27.3928 58.1791 1.81691 16.7124 0.244265 0.0953273
27.2494 58.7101 1.81351 16.8023 0.246194 0.0959402
27.1067 59.243 1.81015 16.8916 0.24814 0.096556
26.9648 59.7777 1.80683 16.9805 0.250104 0.0971745
26.8236 60.3141 1.80356 17.0689 0.252085 0.0977959
27.6779 60.8738 1.80021 17.1601 0.254085 0.0984202
27.533 61.4356 1.79691 17.2509 0.256103 0.0990473
28.3856 62.0123 1.79359 17.3432 0.25814 0.0996773
29.2328 62.6171 1.79018 17.439 0.260196 0.10031
30.0745 63.2498 1.78669 17.5384 0.262273 0.100947
29.917 63.8856 1.78325 17.6372 0.264371 0.101586
29.7604 64.5244 1.77985 17.7355 0.26649 0.102228
29.6046 65.1662 1.77649 17.8332 0.268629 0.102874
30.4464 65.824 1.77312 17.9324 0.270791 0.103523
30.287 66.4938 1.76975 18.0324 0.272974 0.104174
30.1284 67.1669 1.76642 18.1318 0.275179 0.104829
29.9706 67.8432 1.76314 18.2307 0.277407 0.105488
29.8137 68.5228 1.7599 18.329 0.279657 0.106149
29.6576 69.2056 1.7567 18.4267 0.28193 0.106814
30.497 69.9146 1.75344 18.5273 0.284225 0.107481
30.3374 70.6272 1.75022 18.6273 0.286544 0.108152
30.1785 71.3433 1.74705 18.7268 0.288886 0.108826
30.0205 72.0629 1.74391 18.8257 0.291253 0.109503
29.8633 72.7859 1.74082 18.924 0.293643 0.110184
29.7069 73.5124 1.73776 19.0217 0.296057 0.110867
29.5514 74.2423 1.73474 19.1189 0.298494 0.111554
29.3966 74.9755 1.73175 19.2155 0.300957 0.112244
29.2427 75.712 1.7288 19.3116 0.303443 0.112936
29.0896 76.4518 1.72589 19.4071 0.305954 0.113632
28.9373 77.1948 1.72301 19.5021 0.308489 0.114331
28.7857 77.9411 1.72016 19.5965 0.311048 0.115033
28.635 78.6904 1.71735 19.6904 0.313633 0.115738
28.4851 79.4429 1.71457 19.7837 0.316242 0.116446
28.3359 80.1985 1.71182 19.8765 0.318876 0.117157
28.1875 80.9571 1.7091 19.9688 0.321535 0.117871
28.0399 81.7186 1.70642 20.0605 0.324219 0.118588
27.8931 82.4831 1.70376 20.1517 0.326929 0.119307
27.7471 83.2505 1.70114 20.2423 0.329663 0.12003
27.6018 84.0207 1.69854 20.3325 0.332423 0.120756
27.4572 84.7938 1.69597 20.4221 0.335209 0.121484
28.3093 85.5934 1.69337 20.5139 0.33802 0.122215
28.161 86.4022 1.69078 20.6058 0.340858 0.12295
28.0136 87.2142 1.68821 20.6972 0.343723 0.123687
27.8669 88.0293 1.68568 20.7881 0.346614 0.124427
27.721 88.8475 1.68317 20.8784 0.349533 0.12517
27.5758 89.6687 1.68069 20.9682 0.352478 0.125916
27.4314 90.4928 1.67824 21.0575 0.355451 0.126665
27.2878 91.3199 1.67582 21.1463 0.358451 0.127417
27.1449 92.1499 1.67342 21.2345 0.361478 0.128171
27.0028 92.9827 1.67104 21.3223 0.364532 0.128929
26.8614 93.8182 1.66869 21.4095 0.367615 0.129689
26.7207 94.6565 1.66637 21.4962 0.370725 0.130452
26.5808 95.4975 1.66407 21.5824 0.373862 0.131218
26.4416 96.341 1.66179 21.6681 0.377027 0.131986
26.3032 97.1872 1.65953 21.7532 0.380221 0.132757
26.1654 98.0358 1.6573 21.8379 0.383442 0.133531
26.0284 98.8869 1.65509 21.9221 0.386691 0.134308
27.8859 99.7831 1.65282 22.0098 0.389969 0.135088
27.7398 100.711 1.65052 22.0998 0.393277 0.13587
28.5935 101.65 1.64822 22.1898 0.396616 0.136655
28.4438 102.62 1.6459 22.2821 0.399986 0.137443
28.2949 103.595 1.6436 22.3738 0.403389 0.138234
28.1467 104.573 1.64132 22.465 0.406823 0.139028
27.9993 105.555 1.63907 22.5556 0.410291 0.139825
27.8527 106.541 1.63684 22.6457 0.41379 0.140625
28.7058 107.538 1.63462 22.736 0.417322 0.141428
28.5555 108.569 1.63237 22.8284 0.420888 0.142234
28.406 109.604 1.63014 22.9203 0.424488 0.143042
28.2573 110.643 1.62793 23.0116 0.428122 0.143854
28.1093 111.687 1.62575 23.1024 0.43179 0.144669
27.9621 112.734 1.62359 23.1927 0.435493 0.145486
27.8157 113.786 1.62145 23.2824 0.439231 0.146306
27.6701 114.841 1.61933 23.3716 0.443003 0.14713
28.522 115.925 1.6172 23.4623 0.446811 0.147956
28.3727 117.029 1.61506 23.5538 0.450655 0.148785
28.2241 118.137 1.61295 23.6447 0.454535 0.149617
28.0763 119.25 1.61085 23.7351 0.458452 0.150452
28.9241 120.408 1.60872 23.8284 0.462406 0.15129
28.7726 121.571 1.6066 23.9211 0.466399 0.152131
28.622 122.74 1.60451 24.0132 0.47043 0.152975
28.4721 123.913 1.60244 24.1048 0.474499 0.153822
28.323 125.09 1.60039 24.1959 0.478608 0.154671
28.1747 126.273 1.59835 24.2864 0.482755 0.155524
28.0272 127.46 1.59634 24.3764 0.486942 0.15638
27.8804 128.652 1.59435 24.4658 0.491168 0.157238
27.7344 129.848 1.59238 24.5547 0.495433 0.1581
27.5892 131.049 1.59042 24.6431 0.499738 0.158964
27.4447 132.254 1.58849 24.7309 0.504082 0.159831
27.301 133.463 1.58657 24.8182 0.508467 0.160701
27.1581 134.677 1.58468 24.905 0.512891 0.161574
27.0159 135.894 1.58279 24.9913 0.517355 0.162449
26.8744 137.116 1.58093 25.0771 0.52186 0.163328
26.7337 138.342 1.57909 25.1623 0.526405 0.164209
26.5937 139.571 1.57726 25.2471 0.530991 0.165093
26.4544 140.805 1.57545 25.3313 0.535617 0.165979
26.3159 142.042 1.57365 25.415 0.540284 0.166868
26.1781 143.283 1.57187 25.4983 0.544992 0.16776
26.0411 144.527 1.57011 25.581 0.54974 0.168655
25.9047 145.775 1.56836 25.6632 0.55453 0.169552
25.7691 147.027 1.56663 25.7449 0.559362 0.170452
25.6341 148.281 1.56491 25.8262 0.564234 0.171355
26.4988 149.55 1.5632 25.9076 0.569148 0.17226
26.3601 150.867 1.56146 25.9912 0.574105 0.173168
26.2221 152.187 1.55974 26.0743 0.579106 0.174079
26.0848 153.511 1.55803 26.1569 0.58415 0.174992
25.9482 154.839 1.55633 26.239 0.589237 0.175908
26.8081 156.216 1.55461 26.3233 0.59437 0.176826
27.6667 157.62 1.55289 26.4085 0.599548 0.177748
27.5218 159.074 1.55114 26.4958 0.604773 0.178672
27.3777 160.533 1.5494 26.5826 0.610047 0.179599
27.2344 161.997 1.54768 26.6688 0.615368 0.180529
27.0918 163.466 1.54598 26.7546 0.620739 0.181461
26.9499 164.94 1.54429 26.8398 0.626157 0.182396
26.8088 166.419 1.54261 26.9245 0.631625 0.183334
26.6684 167.902 1.54095 27.0087 0.637141 0.184275
26.5288 169.391 1.53931 27.0924 0.642706 0.185219
26.3898 170.883 1.53768 27.1756 0.648321 0.186165
26.2517 172.381 1.53606 27.2583 0.653985 0.187114
26.1142 173.883 1.53446 27.3405 0.659698 0.188065
25.9775 175.389 1.53287 27.4221 0.665461 0.18902
26.8373 176.95 1.53125 27.506 0.671274 0.189976
27.6936 178.568 1.52961 27.592 0.67714 0.190936
27.5486 180.216 1.52797 27.6789 0.68306 0.191898
27.4043 181.87 1.52634 27.7652 0.689034 0.192864
27.2608 183.531 1.52472 27.851 0.695063 0.193832
27.1181 185.197 1.52312 27.9363 0.701147 0.194802
26.9761 186.869 1.52154 28.0211 0.707287 0.195776
27.8296 188.612 1.51992 28.1087 0.713482 0.196752
27.6839 190.362 1.51831 28.1957 0.719735 0.197732
27.5389 192.119 1.51672 28.2823 0.726046 0.198713
28.3905 193.936 1.5151 28.371 0.732416 0.199698
28.2419 195.774 1.51349 28.4598 0.738846 0.200686
28.094 197.619 1.5119 28.5481 0.745337 0.201676
27.9469 199.471 1.51031 28.6358 0.751889 0.20267
27.8005 201.331 1.50874 28.723 0.758502 0.203666
27.655 203.197 1.50719 28.8097 0.765177 0.204665
27.5102 205.07 1.50565 28.8959 0.771913 0.205667
28.363 206.993 1.50409 28.9835 0.778712 0.206672
30.2082 209.037 1.50248 29.0759 0.785576 0.207679
31.0469 211.188 1.50082 29.1725 0.792509 0.20869
31.8822 213.406 1.49914 29.2711 0.799515 0.209704
31.7153 215.676 1.49745 29.3711 0.806595 0.210721
31.5492 217.959 1.49578 29.4705 0.813749 0.211741
32.3808 220.296 1.4941 29.5714 0.82098 0.212765
32.2113 222.675 1.49241 29.6729 0.828289 0.213791
32.0426 225.067 1.49074 29.7738 0.835677 0.214821
31.8748 227.474 1.48909 29.8741 0.843144 0.215855
31.7079 229.893 1.48745 29.9738 0.85069 0.216891
31.5419 232.326 1.48583 30.0729 0.858317 0.217931
31.3767 234.773 1.48422 30.1715 0.866024 0.218974
31.2124 237.232 1.48262 30.2694 0.873812 0.220021
31.049 239.705 1.48104 30.3667 0.881682 0.22107
30.8864 242.191 1.47947 30.4634 0.889633 0.222122
30.7247 244.69 1.47792 30.5595 0.897666 0.223178
31.5596 247.265 1.47634 30.6578 0.905783 0.224237
32.3891 249.949 1.47474 30.7593 0.913987 0.225299
32.2195 252.648 1.47314 30.8603 0.92228 0.226364
33.0498 255.379 1.47156 30.9614 0.930662 0.227433
32.8767 258.19 1.46996 31.0644 0.939136 0.228505
32.7046 261.018 1.46837 31.1669 0.947703 0.22958
32.5333 263.862 1.46679 31.2687 0.956364 0.230659
32.363 266.724 1.46523 31.3699 0.965118 0.231741
32.1935 269.602 1.46369 31.4705 0.973968 0.232826
32.0249 272.497 1.46215 31.5705 0.982912 0.233914
31.8573 275.409 1.46063 31.6699 0.991953 0.235006
32.6894 278.354 1.45912 31.7693 1.00109 0.236101
32.5182 281.386 1.45759 31.8708 0.010325 0.237199
32.348 284.437 1.45607 31.9717 0.019661 0.238301
33.1765 287.54 1.45455 32.0733 0.0290983 0.239406
33.0028 290.716 1.45303 32.1762 0.0386394 0.240514
32.83 293.912 1.45151 32.2785 0.0482857 0.241625
32.658 297.126 1.45001 32.3802 0.0580378 0.24274
32.487 300.36 1.44852 32.4813 0.0678963 0.243858
32.3169 303.613 1.44705 32.5817 0.0778618 0.244979
32.1477 306.886 1.44558 32.6816 0.087935 0.246104
31.9794 310.176 1.44413 32.7808 0.0981165 0.247232
31.8119 313.486 1.44269 32.8795 0.108407 0.248363
32.6401 316.913 1.44123 32.9808 0.118808 0.249497
32.4692 320.36 1.43978 33.0815 0.129323 0.250634
32.2992 323.828 1.43835 33.1816 0.139952 0.251775
32.1301 327.316 1.43692 33.2811 0.150696 0.252919
31.9618 330.824 1.43551 33.38 0.161555 0.254067
32.7924 334.394 1.43409 33.4796 0.172531 0.255217
32.6207 338.048 1.43267 33.5806 0.183626 0.256371
32.4499 341.723 1.43126 33.6809 0.194843 0.257528
32.2799 345.42 1.42986 33.7807 0.20618 0.258688
32.1109 349.139 1.42847 33.8798 0.21764 0.259852
32.9375 352.988 1.42706 33.9816 0.229225 0.261019
32.7651 356.86 1.42566 34.0828 0.240938 0.262189
33.5883 360.866 1.42424 34.1867 0.25278 0.263362
33.4124 364.898 1.42283 34.29 0.264755 0.264539
33.2374 368.955 1.42144 34.3926 0.276864 0.265719
33.0634 373.037 1.42005 34.4945 0.289107 0.266903
32.8903 377.144 1.41868 34.5959 0.301485 0.26809
33.7139 381.369 1.41729 34.6993 0.314 0.26928
35.531 385.781 1.41587 34.8066 0.326657 0.270473
35.345 390.314 1.41444 34.9159 0.339462 0.271671
36.1547 394.993 1.41299 35.0278 0.35242 0.272871
35.9654 399.707 1.41155 35.1391 0.365532 0.274076
35.777 404.455 1.41012 35.2497 0.378801 0.275284
35.5897 409.237 1.4087 35.3596 0.392226 0.276495
35.4034 414.053 1.4073 35.4688 0.405811 0.27771
35.218 418.904 1.40591 35.5773 0.419554 0.278929
36.0325 423.813 1.40452 35.6859 0.433459 0.280151
35.8438 428.855 1.40312 35.7964 0.447528 0.281377
35.6562 433.934 1.40173 35.9062 0.461764 0.282606
35.4695 439.05 1.40036 36.0154 0.476168 0.283839
35.2837 444.202 1.39899 36.1239 0.490741 0.285076
35.099 449.39 1.39764 36.2317 0.505485 0.286316
34.9152 454.615 1.3963 36.3389 0.520401 0.287559
34.7324 459.875 1.39497 36.4454 0.53549 0.288806
34.5505 465.171 1.39365 36.5513 0.550754 0.290057
34.3696 470.503 1.39234 36.6565 0.566192 0.291311
34.1896 475.871 1.39104 36.7611 0.581807 0.292568
34.0106 481.274 1.38975 36.865 0.5976 0.293829
33.8325 486.713 1.38847 36.9683 0.613572 0.295093
33.6553 492.186 1.38721 37.071 0.629723 0.29636
33.4791 497.695 1.38595 37.173 0.646056 0.297631
33.3038 503.238 1.3847 37.2744 0.662572 0.298905
34.1242 508.969 1.38343 37.3784 0.679273 0.300183
34.9413 514.86 1.38216 37.4845 0.696166 0.301463
34.7584 520.821 1.38088 37.5905 0.713254 0.302748
34.5764 526.824 1.37962 37.6958 0.73054 0.304036
34.3953 532.866 1.37836 37.8006 0.748025 0.305327
35.211 539.076 1.3771 37.9073 0.765712 0.306621
35.0266 545.361 1.37584 38.0139 0.783605 0.30792
35.839 551.817 1.37456 38.1226 0.801708 0.309221
35.6514 558.351 1.37329 38.2312 0.820025 0.310526
35.4647 564.932 1.37204 38.3392 0.838559 0.311835
35.279 571.561 1.37079 38.4464 0.857311 0.313147
35.0943 578.236 1.36955 38.5531 0.876283 0.314463
34.9105 584.957 1.36832 38.6591 0.895475 0.315782
34.7277 591.725 1.3671 38.7644 0.91489 0.317105
34.5459 598.539 1.36589 38.8691 0.93453 0.318431
34.365 605.399 1.36469 38.9731 0.954395 0.31976
34.185 612.304 1.3635 39.0765 0.974487 0.321093
34.006 619.256 1.36232 39.1793 0.994807 0.322429
33.828 626.253 1.36114 39.2814 0.0153579 0.323769
33.6508 633.295 1.35998 39.3829 0.0361403 0.325112
34.4694 640.573 1.3588 39.487 0.057159 0.326458
34.2889 647.9 1.35763 39.5905 0.0784186 0.327808
34.1094 655.275 1.35646 39.6933 0.0999209 0.329161
33.9308 662.699 1.35531 39.7955 0.121667 0.330517
33.7531 670.172 1.35416 39.8971 0.14366 0.331876
33.5764 677.693 1.35302 39.998 0.165899 0.333239
35.3922 685.586 1.35186 40.1036 0.188392 0.334606
35.2068 693.615 1.35069 40.2097 0.211149 0.335975
35.0225 701.701 1.34953 40.3152 0.234172 0.337349
34.8391 709.842 1.34837 40.4201 0.257462 0.338725
34.6567 718.04 1.34723 40.5243 0.281022 0.340105
34.4752 726.293 1.34609 40.6278 0.304853 0.341489
35.2895 734.816 1.34494 40.734 0.328961 0.342876
35.1047 743.4 1.3438 40.8395 0.353352 0.344266
36.9125 752.387 1.34263 40.9495 0.378031 0.34566
36.7192 761.528 1.34146 41.0602 0.403011 0.347057
36.5269 770.738 1.34029 41.1701 0.428293 0.348458
36.3357 780.017 1.33914 41.2794 0.45388 0.349863
36.1454 789.365 1.33799 41.3881 0.479775 0.351271
35.9561 798.782 1.33686 41.496 0.505979 0.352683
35.7679 808.268 1.33573 41.6033 0.532495 0.354098
35.5806 817.823 1.33461 41.7099 0.559325 0.355517
36.3932 827.493 1.33349 41.8165 0.586472 0.356939
36.2027 837.424 1.33237 41.925 0.613943 0.358365
36.0131 847.428 1.33125 42.0329 0.641743 0.359794
35.8245 857.506 1.33014 42.1401 0.669874 0.361227
35.6369 867.656 1.32904 42.2466 0.698339 0.362663
35.4503 877.88 1.32794 42.3525 0.72714 0.364103
35.2647 888.176 1.32686 42.4577 0.75628 0.365546
35.08 898.545 1.32578 42.5623 0.785761 0.366993
36.8901 909.298 1.32468 42.67 0.815589 0.368443
36.6969 920.34 1.32358 42.7797 0.845778 0.369896
36.5048 931.464 1.32248 42.8888 0.876333 0.371353
37.3115 942.778 1.32138 42.9984 0.907256 0.372814
37.1161 954.337 1.32028 43.1093 0.938558 0.374279
37.9197 966.092 1.31917 43.2208 0.970244 0.375747
37.7211 978.101 1.31806 43.3335 1.00232 0.377218
37.5236 990.205 1.31696 43.4455 0.0347999 0.378694
37.3271 1002.4 1.31587 43.5569 0.0676777 0.380173
37.1317 1014.7 1.31478 43.6675 0.10096 0.381655
36.9373 1027.09 1.31371 43.7775 0.134649 0.383141
36.7438 1039.57 1.31264 43.8868 0.168749 0.384631
37.5504 1052.21 1.31157 43.996 0.203262 0.386125
37.3538 1065.18 1.3105 44.1072 0.238199 0.387622
37.1582 1078.26 1.30943 44.2176 0.273565 0.389122
37.9615 1091.55 1.30837 44.3287 0.309366 0.390626
37.7627 1105.13 1.30729 44.441 0.34561 0.392134
37.565 1118.82 1.30623 44.5526 0.382305 0.393646
37.3683 1132.62 1.30517 44.6635 0.419454 0.395161
37.1726 1146.52 1.30413 44.7737 0.457059 0.39668
36.978 1160.53 1.30308 44.8833 0.495125 0.398202
36.7844 1174.65 1.30205 44.9922 0.533655 0.399728
36.5918 1188.88 1.30103 45.1003 0.572654 0.401257
36.4002 1203.22 1.30001 45.2079 0.612123 0.40279
36.2096 1217.66 1.29899 45.3147 0.652067 0.404327
36.02 1232.21 1.29799 45.4209 0.69249 0.405867
35.8313 1246.86 1.29699 45.5264 0.733394 0.40741
35.6437 1261.63 1.296 45.6313 0.774784 0.408957
